Started Simulation of Damped Oscillation Serial Implementation at 2023-06-27 02:01:39 with Parametes:
Amplitude: 10.000000 
Spring Length: 14.000000 
Mass: 1.000000 
Gravity: 1.800000 
Stifeness: 1.000000 
Initial_Acceleration: -1.000000 
Initial_Velocity: 0.000000 
FI_Const: -0.100000 
Time_Limit: 40000000.000000 
Step_Size(dt): 0.010000 
Damping_coefficient: 0.100000
===================================================================


Started Calculation at: 2023-06-27 02:01:39.

Ended Job Caclulation at: 2023-06-27 02:01:39 Execution Time: 148.560309 sec.